1964411314
3995474765
8798434623
6992513992
4923438358
7241533138
5912632399
6313529922
9838434737
1524413668
3488818841
6962464131
7185722699
9645631575
2446966387
5696772697
4963914983
1273532334
2998271795
3437527855
8568516783
4475531397
2121678995
3435535158
6578971849
1711213535
3762967995
7597175574
9454236543
3141647283
1296214939
3213282432
2824375932
3523872582
6942556953
9434515151
6727222812
4869967455
6181781339
7688481242
8294667899
7448362271
7135155672
9994161599
6437929851
8743439654
4912166459
3427564872
3882115763
7619153546
2667533155
8578528411
6974889652
7271158165
4939244214
8865365827
7983884436
4242577366
9666113779
6421328244
9739756716
9422665554
5355984926
3397553354
6754134897
5689891685
1641731488
1777343768
4978377741
3476181674
6814554397
6916959264
3867514217
8849619517
1124214988
5186485817
3469125321
1989616538
5213521116
7629246427
5771253954
6648826533
2618341289
6275611129
6679122431
8348199889
8289293752
1857714675
2977891133
6731855297
2154251517
7429694629
5748994666
6793646182
6154951263
4994997266
1452338985
3622778538
4314175684
8524718526